# S1              S2
  2.1183650e+001  1.6977854e+003
  3.4047870e+001  4.3226985e+003
  3.7372180e+001  3.2681835e+003
  1.1032150e+001  1.6767378e+003
  6.3301730e+000  1.0148564e+003
  3.6747910e+001  3.6502419e+003
  3.0881750e+000  6.5282369e+002
  2.4163600e+001  4.5228339e+003
  2.6790900e+001  2.6765003e+003
  6.2860330e+000  1.1754486e+003
  3.9704950e+001  3.4920999e+003
  2.3019420e+001  4.2839893e+003
  2.6172980e+001  2.9630718e+003
  3.7837600e+001  4.2104797e+003
  3.0330390e+001  2.8587883e+003
  3.0943490e+001  3.7139606e+003
  1.3965220e+001  1.8954781e+003
  3.6833270e+001  2.7932852e+003
  7.5986270e+000  9.4076711e+002
  7.6298230e+000  1.2575766e+003
  2.4849210e+001  1.4916179e+003
  8.1551790e+000  1.4784733e+003
  3.2645750e+001  4.4736773e+003
  2.9151010e+000  5.1662284e+002
  3.0004230e+001  2.2530482e+003
  2.7441990e+001  3.3418550e+003
  3.6874630e+001  2.7876206e+003
  3.5743600e+001  4.3274224e+003
  2.3625640e+001  2.6060070e+003
  1.8274950e+001  1.7793329e+003
  1.5603240e+001  2.4792412e+003
  3.3904530e+001  4.1026336e+003
  2.9393260e+001  2.5009313e+003
  2.2937400e+001  2.9069274e+003
  9.4840070e+000  1.5470661e+003
  1.0739840e+001  1.3252469e+003
  6.2814520e+000  9.8251920e+002
  3.2499560e+001  2.6595642e+003
  3.7684970e+001  3.5362355e+003
  6.3105070e+000  1.1643251e+003
  2.0255380e+001  3.9407456e+003
  3.3321110e+001  3.1376497e+003
  8.4134190e+000  1.9113029e+003
  1.3137910e+001  1.2255733e+003
  1.8479680e+001  1.0755075e+003
  3.9054020e+001  3.5751045e+003
  2.2054880e+001  1.6821306e+003
  9.0913650e+000  1.2556341e+003
  3.0908190e+001  4.8670810e+003
  4.3520260e+000  1.4972402e+003
  6.2718010e+000  1.2052476e+003
  3.6569630e+001  3.7007144e+003
  8.6195480e+000  8.5153890e+002
  2.6023930e+001  1.6291380e+003
  3.2426120e+001  3.7741920e+003
  2.6869980e+001  1.7354629e+003
  2.2506960e+000  1.0838367e+003
  3.1445660e+001  2.9452402e+003
  2.4701040e+001  2.3865813e+003
  8.5203790e+000  1.6108011e+003
  2.7131910e+000  1.1933377e+003
  3.3066070e+001  2.7872863e+003
  1.0826530e+001  1.8234098e+003
  1.0011640e+001  8.6057797e+002
  2.8800640e+001  1.5000099e+003
  1.3281850e+001  1.7319509e+003
  9.6854120e+000  1.2946223e+003
  3.5399460e+001  4.5904857e+003
  1.2118160e+001  9.7183757e+002
  1.7241620e+001  1.9418115e+003
  3.8108480e+001  2.2422376e+003
  1.7080500e+001  1.7607820e+003
  8.3130000e+000  8.3845118e+002
  1.1494290e+001  1.5075897e+003
  1.6261380e+001  2.7891277e+003
  3.4222790e+001  3.1274719e+003
  1.1416030e+001  1.7207949e+003
  3.9015820e+001  6.0755380e+003
  2.2532570e+001  2.6587881e+003
  2.1081140e+001  1.5313522e+003
  2.1324200e+001  2.4594826e+003
  1.3017330e+001  1.8575603e+003
  3.9393370e+001  3.3353171e+003
  1.1768000e+001  1.9530468e+003
  2.3187400e+001  2.1207870e+003
  1.2861920e+001  2.9296369e+003
  4.8906250e+000  1.1423794e+003
  1.0201220e+001  1.1354163e+003
  2.8704130e+001  1.6635674e+003
  1.4516690e+001  9.5096296e+002
  1.9095510e+001  1.8013714e+003
  3.0675350e+000  9.5865541e+002
  3.9959850e+001  5.5524141e+003
  2.5979030e+001  1.9000627e+003
  5.5324620e+000  1.4466932e+003
  2.2362730e+001  3.2128971e+003
  3.7704350e+001  3.4107466e+003
  3.9867740e+000  7.8631691e+002
  1.0843930e+001  1.0505862e+003
  7.5919900e+000  9.5678559e+002
  3.6448590e+001  2.2431883e+003
  1.3358160e+001  2.5530578e+003
  2.7084470e+001  3.1408438e+003
  2.9861620e+001  2.9614156e+003
  1.2622520e+001  1.1376432e+003
  1.2892110e+001  1.1644263e+003
  3.0244420e+001  3.3523647e+003
  1.3254150e+001  9.8030424e+002
  1.7091400e+001  1.2944451e+003
  3.1370770e+001  2.6353068e+003
  2.4300500e+001  3.9177544e+003
  8.1072720e+000  1.0548817e+003
  2.7305510e+001  2.8422501e+003
  1.7483930e+001  1.4291673e+003
  3.0252640e+001  1.9864575e+003
  1.9080150e+001  6.8406880e+002
  6.1670510e+000  8.2315485e+002
  2.1146190e+001  1.6569413e+003
  5.4126070e+000  6.8647938e+002
  2.5956530e+001  4.8545909e+003
  1.9317080e+001  2.2474523e+003
  2.0664580e+001  3.0234973e+003
  1.0979740e+001  1.1407279e+003
  1.1561680e+001  1.0490470e+003
  3.5567790e+001  4.2260914e+003
  8.7160860e+000  9.7413356e+002
  3.1047090e+001  3.1531084e+003
  2.8272660e+000  1.6003120e+003
  5.9930920e+000  1.1662803e+003
  2.6766240e+001  3.2336378e+003
  3.0484150e+001  3.8390705e+003
  3.0402880e+001  3.3645635e+003
  2.8006300e+001  1.8551317e+003
  3.4061780e+001  2.1668475e+003
  3.0185800e+001  2.9999063e+003
  2.0470920e+001  2.2798925e+003
  1.6391360e+001  3.0369035e+003
  1.5638820e+001  1.8298057e+003
  4.7829080e+000  1.7722828e+003
  2.6760870e+001  2.2101779e+003
  2.3768550e+001  3.0290378e+003
  3.0568130e+001  3.2308059e+003
  1.3021240e+001  1.7309254e+003
  3.8454160e+001  3.5845227e+003
  6.5185610e+000  1.4225310e+003
  1.7841100e+001  1.5826418e+003
  2.5298050e+001  2.4731078e+003
  3.4736580e+001  3.1497353e+003
  2.2839040e+001  2.1710601e+003
  4.3223470e+000  1.1582269e+003
  2.3416200e+001  2.4807581e+003
  1.6335520e+000  2.8830752e+002
  3.6645650e+001  7.2147856e+003
  5.3425870e+000  9.8136283e+002
  1.4083940e+001  1.8616549e+003
  2.3841860e+001  3.6569341e+003
  2.8903210e+001  2.5499289e+003
  1.9449930e+001  1.4686085e+003
  3.2196080e+001  1.9529719e+003
  4.0693760e+000  9.8702651e+002
  1.1363640e+001  1.3752779e+003
  3.9110100e+001  4.4792564e+003
  3.2150780e+001  1.9317082e+003
  2.8486640e+001  2.7359378e+003
  3.1953320e+001  3.4414700e+003
  2.7971510e+001  1.5203197e+003
  3.6869650e+001  4.3446022e+003
  9.6525660e+000  1.5718380e+003
  6.9590630e+000  1.0044626e+003
  3.8634250e+001  2.6883851e+003
  2.7763110e+001  3.2439945e+003
  3.0600890e+001  1.7306612e+003
  9.3854850e+000  1.3785094e+003
  3.8906790e+001  5.9952100e+003
  1.1968220e+001  2.5882878e+003
  3.6578510e+001  2.9647700e+003
  2.3180800e+001  2.2789270e+003
  3.4241740e+000  9.5377476e+002
  2.1424900e+001  1.5498219e+003
  4.3950310e+000  9.0847074e+002
  2.1862260e+001  4.0529669e+003
  1.0752900e+001  7.7562109e+002
  2.1976920e+001  2.2006188e+003
  2.3806610e+001  2.1848798e+003
  3.4213790e+001  3.3705998e+003
  1.2567130e+001  2.3699932e+003
  2.8751310e+001  2.5409413e+003
  1.0911800e+001  1.6718503e+003
  1.1951030e+001  1.4736432e+003
  3.0780780e+000  1.3093255e+003
  1.6162430e+000  5.8687642e+002
  3.8567910e+001  3.1806223e+003
  3.1456790e+001  2.3186725e+003
  2.7817510e+000  8.6229378e+002
  3.1269740e+001  4.8560961e+003
  1.7657420e+001  2.5364088e+003
  8.6991420e+000  1.2872397e+003
  5.5068650e+000  7.6910641e+002
  8.8438430e+000  1.2496087e+003
  2.2716250e+001  1.6933886e+003
  1.5782860e+001  1.4186482e+003
  1.6571190e+001  2.0600307e+003
  7.6708510e+000  1.1202851e+003
  1.8116460e+001  2.2088811e+003
  3.3110600e+001  3.5689795e+003
  3.1052830e+001  2.0594924e+003
  9.4792220e+000  1.4499789e+003
  2.7761100e+001  3.0570579e+003
  2.7558300e+001  2.5162073e+003
  2.1739760e+001  1.9161114e+003
  5.9623160e+000  9.1209692e+002
  2.2280120e+001  1.7933189e+003
  1.0148760e+001  1.6278373e+003
  3.1088040e+001  2.2006519e+003
  3.1371510e+000  2.9461471e+002
  3.4234540e+001  2.4935811e+003
  6.2850780e+000  1.1341557e+003
  3.2768850e+001  2.6292640e+003
  1.3538620e+001  1.8380715e+003
  3.1241510e+001  2.1618075e+003
  1.3946810e+000  6.1027964e+002
  3.0309170e+001  4.6228526e+003
  2.3708840e+001  2.8297385e+003
  3.2125390e+000  1.0428850e+003
  2.6141210e+001  2.8193480e+003
  1.0447130e+000  5.9561963e+002
  1.0222940e+001  1.2532993e+003
  7.3460130e+000  1.3312410e+003
  4.3905340e+000  9.4406815e+002
  1.5756040e+001  1.6099748e+003
  2.4331050e+001  2.9497272e+003
  1.5147820e+000  2.5868017e+002
  1.3423520e+001  2.4475040e+003
  2.8900320e+000  7.8922285e+002
  1.2955460e+001  2.2595598e+003
  1.1992220e+001  1.5197900e+003
  2.9991950e+001  3.4231876e+003
  1.9128460e+001  1.9681854e+003
  3.3254330e+001  2.8918662e+003
  2.3514580e+001  1.9372926e+003
  1.5489690e+001  2.0844320e+003
  2.1123320e+001  3.5855450e+003
  1.0259170e+001  1.0180011e+003
  2.2004060e+001  2.5310098e+003
  3.4710540e+001  3.0034982e+003
  2.9061990e+001  2.5565680e+003
  1.6614150e+001  2.4481562e+003
  8.1294780e+000  9.5062594e+002
  2.6251130e+001  3.8479640e+003
  2.8685820e+001  1.5508910e+003
  7.5936990e+000  1.3058021e+003
  3.4726900e+001  2.4295622e+003
  3.4750220e+001  2.2414474e+003
  1.8255390e+001  2.9563450e+003
  2.6427350e+001  1.9761168e+003
  1.7754880e+001  1.9877408e+003
  3.7383900e+001  5.7460792e+003
  8.6546060e+000  9.0388109e+002
  1.8707000e+001  2.5179271e+003
  2.6020940e+001  1.7996870e+003
  1.6822190e+000  1.8687901e+002
  2.9550200e+001  3.8047439e+003
  2.5656460e+001  3.1085133e+003
  2.1062780e+000  9.0557347e+002
  2.1240670e+001  1.3648006e+003
  2.6157640e+001  1.4051140e+003
  2.5280650e+001  3.1116320e+003
  5.7881880e+000  1.4356568e+003
  1.0775470e+001  1.4901234e+003
  3.8837230e+000  8.6168443e+002
  2.2809820e+001  1.9255325e+003
  6.1261560e+000  1.5479219e+003
  1.5995540e+001  2.3201652e+003
  2.1252070e+001  2.3697811e+003
  2.0099660e+001  2.3034284e+003
  3.8473360e+001  1.9559607e+003
  1.9875410e+001  1.5256401e+003
  2.8388830e+001  2.6757682e+003
  1.6187260e+001  2.6530250e+003
  1.7203670e+001  2.0471473e+003
  2.0058060e+001  4.3654290e+003
  1.8352970e+001  2.5046979e+003
  1.9374820e+001  2.9182311e+003
  1.6708600e+001  1.8895529e+003
  7.1590720e+000  6.1213855e+002
  2.0950510e+001  2.5021227e+003
  3.9812940e+001  2.8179692e+003
  3.5478730e+001  4.3278885e+003
  3.3865570e+001  2.0854481e+003
  2.2853620e+001  2.7679294e+003
  1.7395600e+001  1.5722566e+003
  2.9903800e+001  2.7158913e+003
  1.2352750e+001  1.4662656e+003
  3.4736220e+001  3.6695817e+003
  1.4156830e+001  3.3034065e+003
  1.4692600e+001  1.6817702e+003
  1.1330090e+001  1.5441993e+003
  8.1463320e+000  1.4304053e+003
  2.1533720e+001  2.4174420e+003
  2.6297920e+000  9.8558571e+002
  3.1206850e+001  3.6436524e+003
  2.5821730e+001  1.7851608e+003
  9.8783650e+000  1.2317457e+003
  2.5098270e+001  2.2467243e+003
  3.4329380e+001  3.1924269e+003
  1.5663300e+001  2.9256965e+003
  2.6465450e+001  3.2787725e+003
  2.4374720e+001  2.8990696e+003
  1.8700090e+001  9.6480311e+002
  1.5258950e+001  2.3339237e+003
  1.4993090e+001  2.6279321e+003
  2.7549000e+001  2.1635944e+003
  2.5428580e+001  3.0352824e+003
  5.5831140e+000  1.3774235e+003
  2.9975290e+001  1.5041266e+003
  5.6285770e+000  1.5941112e+003
  3.8665820e+001  2.9019119e+003
  2.2263460e+001  9.0914396e+002
  3.2599840e+001  2.9704105e+003
  2.4458110e+001  3.6233050e+003
  3.6636460e+000  1.3046004e+003
  2.6328960e+001  2.1489124e+003
  3.8092240e+001  3.1017266e+003
  4.7419600e+000  1.8207314e+003
  1.8116480e+001  1.3736049e+003
  3.4743370e+001  2.9519904e+003
  1.0194050e+001  2.1649843e+003
  3.4820480e+001  4.8114586e+003
  2.3239730e+001  3.2494217e+003
  9.8391610e+000  1.4960774e+003
  3.8266440e+000  6.6284664e+002
  1.4301400e+001  1.0551703e+003
  7.5288840e+000  8.6364767e+002
  3.2390440e+001  2.8755760e+003
  1.5120100e+001  1.2578726e+003
  6.9830890e+000  1.3118633e+003
  4.9328530e+000  7.4527263e+002
  1.6486880e+001  2.5957895e+003
  8.8215110e+000  1.8247862e+003
  3.4390040e+001  3.9744742e+003
  2.7028420e+000  7.6881644e+002
  2.6955620e+001  1.7094458e+003
  2.6590390e+001  2.3871940e+003
  8.4884680e+000  1.6251457e+003
  3.5088950e+001  2.7292629e+003
  2.6036020e+001  2.4913033e+003
  1.6198080e+001  1.6535927e+003
  1.1395790e+001  2.1889530e+003
  2.2142720e+001  1.6979581e+003
  4.8430910e+000  1.0382779e+003
  2.1773660e+000  7.3159282e+002
  1.1566520e+001  1.5296734e+003
  3.1764640e+001  2.1541252e+003
  2.1097800e+001  2.0493030e+003
  1.7398380e+001  3.2916664e+003
  2.8700670e+000  8.7366117e+002
  8.4111270e+000  1.6197769e+003
  3.1028230e+001  3.3101449e+003
  4.0636080e+000  7.9578877e+002
  1.9290950e+001  2.7536619e+003
  1.4796900e+001  1.4342793e+003
  9.6809920e+000  2.2619336e+003
  3.6555900e+001  5.1217512e+003
  2.3279100e+001  1.1114071e+003
  1.2810570e+001  1.3593192e+003
  3.0460210e+001  4.0416053e+003
  3.7126210e+001  4.3055002e+003
  3.1086430e+000  7.2137128e+002
  3.2901440e+001  2.4990843e+003
  6.1330670e+000  1.2377608e+003
  9.5645370e+000  1.8893045e+003
  2.4361530e+001  2.1469383e+003
  1.6809120e+001  9.3903759e+002
  1.3807050e+001  1.3048539e+003
  3.0063250e+000  1.4307769e+003
  3.2864740e+001  4.0205568e+003
  1.8282380e+001  3.0559816e+003
  1.4553450e+001  1.7989536e+003
  3.5672950e+001  2.8526798e+003
  1.2743990e+001  1.9156776e+003
  2.8068300e+001  2.3128108e+003
  2.2320710e+001  3.2118703e+003
  2.0249140e+001  1.6503938e+003
  2.8396690e+001  2.6944847e+003
  2.1379320e+001  1.3996579e+003
  3.8480090e+000  1.3954365e+003
  1.6377990e+001  2.0834525e+003
  3.8178490e+001  3.8650289e+003
  2.2673360e+001  2.2934796e+003
  2.3383580e+001  2.2951602e+003
  7.1548510e+000  1.7442695e+003
  1.6976130e+001  1.5765316e+003
  3.8888520e+001  5.5058252e+003
  3.8671600e+001  3.8096242e+003
  2.9217850e+001  4.7294676e+003
  1.5948190e+001  2.8202162e+003
  8.3451560e+000  1.0042144e+003
  2.3803480e+001  1.5238403e+003
  2.4273080e+001  2.7031546e+003
  2.0930240e+001  1.0874773e+003
  2.5127810e+001  2.3598785e+003
  4.0991800e+000  7.8628681e+002
  3.6382950e+001  2.9541661e+003
  3.2281690e+001  3.2489443e+003
  1.3181190e+001  2.1444929e+003
  1.1182700e+001  1.9040514e+003
  3.1935860e+001  2.7133300e+003
  3.7204840e+001  3.0060240e+003
  3.6375800e+001  3.2567435e+003
  8.8000470e+000  1.0249295e+003
  1.4584970e+001  1.8240786e+003
  2.9712720e+001  2.1427002e+003
  2.6564370e+001  2.8064708e+003
  2.0935730e+001  2.1079151e+003
  3.5508360e+000  6.5371374e+002
  2.4788110e+001  1.7661371e+003
  3.9027020e+001  4.2912260e+003
  8.6945980e+000  9.3346171e+002
  5.0485520e+000  1.9148768e+003
  2.4465520e+001  1.3132531e+003
  1.3900390e+001  1.9624517e+003
  3.6575630e+001  3.0886935e+003
  3.5810890e+000  9.3120460e+002
  2.4397160e+001  3.2406884e+003
  1.1066150e+001  1.6909024e+003
  2.5132450e+001  3.7744774e+003
  3.8465180e+001  3.4234404e+003
  3.9100450e+001  3.2944412e+003
  2.7778350e+001  2.8143522e+003
  1.0386990e+001  1.2872376e+003
  2.8975160e+001  2.6003562e+003
  7.3607270e+000  8.9377605e+002
  1.9470000e+001  2.2498106e+003
  6.9691030e+000  1.1239083e+003
  6.0858280e+000  1.2752569e+003
  7.1001710e+000  1.0800499e+003
  3.9191090e+001  1.1931783e+003
  1.5485060e+001  2.6255536e+003
  3.3986400e+001  2.9521483e+003
  2.1498300e+001  2.9562497e+003
  3.1082780e+001  4.3542148e+003
  2.8450730e+001  2.9778541e+003
  2.9311250e+001  1.9906749e+003
  3.7826190e+001  2.3679722e+003
  1.4626910e+000  6.1785361e+002
  1.1666720e+001  1.5961356e+003
  3.4852040e+001  3.4218834e+003
  1.7410270e+001  2.2017931e+003
  1.4847750e+001  2.2924277e+003
  7.3640200e+000  1.4731432e+003
  3.6746940e+001  3.1270310e+003
  6.4947080e+000  8.0277461e+002
  6.5555510e+000  1.6351937e+003
  3.0616310e+001  4.4065109e+003
  2.8922370e+001  2.8635507e+003
  3.6316610e+001  2.5554142e+003
  2.6365080e+001  4.5985096e+003
  2.7727440e+001  2.6997576e+003
  3.0513790e+001  2.4310515e+003
  5.3916820e+000  1.0770857e+003
  2.5164810e+001  2.5824008e+003
  3.3781250e+001  3.7779196e+003
  2.5531110e+001  3.3275738e+003
  1.2651680e+001  2.4325860e+003
  1.3026540e+001  1.4813343e+003
  3.1135990e+001  3.1819451e+003
  2.2523880e+001  2.9912603e+003
  1.2085950e+001  3.3543301e+003
  3.0966580e+001  3.2346049e+003
  3.6119160e+001  4.1736271e+003
  2.0037340e+001  2.1580031e+003
  8.9657720e+000  1.8706722e+003
  1.5322750e+001  2.4020482e+003
  3.4292400e+000  7.3335436e+002
  3.5602510e+000  1.1675369e+003
  3.0516190e+001  3.3544190e+003
  3.7974300e+001  6.6247696e+003
  3.9183710e+001  4.2161743e+003
  1.9712980e+001  2.2948446e+003
  1.2389330e+001  1.3189849e+003
  6.6123290e+000  1.1857618e+003
  2.8853960e+001  1.4035065e+003
  8.0156250e+000  9.4983330e+002
  1.3647770e+001  2.1256252e+003
  2.4673620e+001  3.8211305e+003
  1.4734730e+001  1.9561591e+003
  3.5475890e+001  2.8037824e+003
  1.8478270e+001  2.8572833e+003
  1.0788610e+001  1.3897750e+003
  2.3016520e+001  1.5017017e+003
  2.3233780e+001  4.4533812e+003
  1.2318830e+001  2.7461703e+003
  3.6333640e+001  4.5203380e+003
  3.5402640e+000  8.5142549e+002
  2.7091850e+000  1.1598015e+003
  1.0457780e+001  2.4636471e+003
  3.9673700e+001  5.0424164e+003
  3.6773830e+001  4.8206973e+003
  1.4692030e+001  2.1659818e+003
  3.5513970e+001  4.5099759e+003
  9.5432310e+000  1.9672404e+003
  1.9097520e+001  2.0977657e+003
  1.1052980e+001  2.1724930e+003
  1.0060140e+001  1.5424853e+003
  2.2432860e+001  2.9489924e+003
  2.3810300e+001  2.1405426e+003
  3.9883420e+001  4.3921119e+003
  1.9765100e+001  2.9234321e+003
  3.0261590e+001  2.2491776e+003
  3.2237320e+001  3.6596616e+003
  1.0692620e+001  1.3499234e+003
  1.2155090e+001  1.5739871e+003
  2.0180090e+001  2.1879939e+003
  8.1685030e+000  1.6877086e+003
  2.9047140e+001  2.3831774e+003
  6.1495680e+000  1.9851559e+003
  3.8032780e+001  4.6423627e+003
  2.5387230e+001  2.3301577e+003
  1.8402030e+001  1.4592131e+003
  3.9231780e+001  2.1775093e+003
  1.0624500e+001  1.1821607e+003
  2.7860190e+001  4.4830344e+003
  3.7133610e+001  4.0644630e+003
  8.8311890e+000  1.9496254e+003
  4.7850890e+000  8.3609961e+002
  2.0563040e+001  2.2602336e+003
  9.5108030e+000  1.2976937e+003
  2.0294720e+001  1.7884964e+003
  1.7446210e+001  3.1042172e+003
  3.6086280e+001  3.7821880e+003
  2.0007960e+001  2.6646539e+003
  3.7492940e+001  3.4583863e+003
  2.8722010e+001  2.6397745e+003
  1.1040620e+001  1.0659835e+003
  3.2945370e+001  3.6658897e+003
  9.8001290e+000  2.1405175e+003
  2.7624490e+001  3.6837341e+003
  2.4173540e+001  2.9312797e+003
  3.0369600e+001  2.4999543e+003
  2.6370630e+001  3.2043984e+003
  1.8436960e+001  1.0864639e+003
  2.5404000e+001  4.1760636e+003
  1.3709180e+000  8.2283826e+002
  1.9297340e+000  1.0462668e+003
  2.1256480e+001  1.9544085e+003
  1.4320950e+001  1.3445434e+003
  3.9133200e+000  4.7367816e+002
  7.7117570e+000  8.2947889e+002
  1.5875610e+001  2.6108410e+003
  1.2785880e+001  1.5028188e+003
  3.2900460e+001  6.4922161e+003
  1.6970410e+001  1.8912517e+003
  1.1276850e+001  8.6891802e+002
  3.3362140e+001  3.8348369e+003
  1.0260930e+001  1.9455649e+003
  2.7835690e+001  3.2574142e+003
  2.0884220e+001  1.0369200e+003
  1.9580500e+001  2.5407023e+003
  8.0607950e+000  1.3885383e+003
  3.3042820e+001  5.1581991e+003
  4.5014840e+000  1.0771067e+003
  3.9121230e+001  2.5964293e+003
  2.3617490e+001  3.3558902e+003
  2.6263050e+001  3.0258066e+003
  8.0707460e+000  1.0563788e+003
  2.5665840e+001  1.4359869e+003
  9.8381380e+000  2.4177919e+003
  3.5374100e+001  4.8409589e+003
  2.4208850e+001  2.0941277e+003
  5.1219030e+000  1.3249679e+003
  2.7873390e+001  2.7152185e+003
  2.5816610e+001  2.6500204e+003
  1.0435750e+001  2.9691468e+003
  1.2559050e+001  2.1202096e+003
  2.8279400e+001  2.8682909e+003
  9.4613580e+000  7.4575380e+002
  8.9622530e+000  1.6676780e+003
  3.7343060e+001  2.7251092e+003
  1.7561530e+001  1.1076316e+003
  2.9972150e+001  3.9899081e+003
  1.3275350e+001  1.2034221e+003
  3.8123710e+001  4.0050151e+003
  7.9585320e+000  6.3576405e+002
  2.6048850e+001  2.8666360e+003
  2.5116140e+001  2.7926332e+003
  1.8708790e+001  1.5488690e+003
  2.1252570e+001  1.9067004e+003
  2.5132460e+001  2.0609905e+003
  2.9430250e+001  2.7706837e+003
  1.1300640e+001  1.2333577e+003
  2.5373740e+001  3.0285970e+003
  6.9547120e+000  1.2450711e+003
  3.0874210e+001  3.9848305e+003
  3.0191720e+001  2.1661965e+003
  1.7035720e+001  1.7835549e+003
  3.7643120e+001  4.2596961e+003
  3.8260020e+001  3.4337936e+003
  3.2791400e+001  3.4882047e+003
  3.8879290e+001  2.4267404e+003
  2.8821250e+001  4.7693568e+003
  6.2230910e+000  7.5043167e+002
  3.0926450e+001  2.1516571e+003
  5.5921380e+000  1.3983886e+003
  2.2673590e+001  2.4692342e+003
  3.4454190e+001  3.0399262e+003
  1.8501560e+001  1.9070424e+003
  3.3316260e+000  1.3984799e+003
  3.2552690e+001  5.7553254e+003
  2.1213490e+001  2.9725155e+003
  2.1732310e+001  3.3648747e+003
  1.9206430e+001  1.7525227e+003
  1.7622120e+001  1.7140566e+003
  2.7153550e+001  2.8861215e+003
  2.2083710e+001  1.9883692e+003
  3.5851800e+001  1.6904486e+003
  3.6422210e+001  2.3134190e+003
  2.5517710e+001  2.5857867e+003
  1.0458020e+001  1.8289737e+003
  5.5197140e+000  1.2142960e+003
  2.0421450e+001  2.5594555e+003
  3.3933910e+001  3.9306186e+003
  1.6384010e+001  1.1502843e+003
  2.9482170e+001  4.1074421e+003
  1.5908750e+001  1.8783783e+003
  1.2745320e+001  1.5685983e+003
  2.4592380e+001  1.7720442e+003
  2.1706270e+001  1.6440015e+003
  1.0931360e+001  2.0032733e+003
  1.9623550e+001  1.2952290e+003
  2.7949070e+001  4.1226300e+003
  1.4462890e+001  1.6637271e+003
  1.4173240e+001  1.3916856e+003
  2.9924270e+001  3.4393911e+003
  1.6244050e+001  1.9566823e+003
  3.1951240e+001  2.2845450e+003
  9.3663640e+000  1.4670234e+003
  1.3307070e+001  1.2196001e+003
  3.9763680e+001  6.0767248e+003
  1.6396390e+001  1.3607465e+003
  5.2540260e+000  7.9732837e+002
  3.9383790e+001  3.3951464e+003
  1.3470590e+001  1.1210284e+003
  3.6054780e+001  3.0804194e+003
  1.7951050e+001  1.2774998e+003
  1.9190430e+001  2.3293820e+003
  3.2691940e+001  3.7342956e+003
  2.7153380e+001  2.8739016e+003
  2.9457240e+001  3.0673621e+003
  5.3078990e+000  2.3720544e+003
  1.1379540e+001  1.7833792e+003
  4.9190380e+000  1.0976507e+003
  1.8096580e+001  2.0256971e+003
  2.2188830e+001  3.5636447e+003
  3.3183500e+001  2.0987137e+003
  2.5611950e+001  3.5584072e+003
  2.0458800e+001  2.7717953e+003
  3.4538420e+001  6.0212473e+003
  2.5634940e+001  3.5999321e+003
  6.9657800e+000  1.0810176e+003
  2.5594220e+001  3.9525002e+003
  1.3118520e+001  1.6949069e+003
  3.3708840e+001  3.1336234e+003
  2.8083420e+001  3.5502914e+003
  3.4196580e+001  3.3844934e+003
  1.8882120e+001  2.0983105e+003
  1.4656170e+001  1.6375610e+003
  1.8726180e+001  2.0589519e+003
  2.9687030e+001  3.4046365e+003
  3.5157540e+001  2.7100199e+003
  1.5133920e+001  2.4861105e+003
  2.8410470e+001  2.7718544e+003
  1.3981080e+001  1.6382143e+003
  2.0971440e+001  3.1600885e+003
  3.0338630e+001  3.1975693e+003
  1.0100180e+001  9.2017857e+002
  2.1503740e+001  3.6347036e+003
  1.6558820e+001  1.1546979e+003
  1.7015500e+001  4.4598958e+003
  2.8911070e+001  2.3107298e+003
  2.6495760e+001  2.9444378e+003
  2.1158420e+001  1.2667218e+003
  3.6592490e+001  3.4209125e+003
  3.6845860e+001  5.6853957e+003
  1.6901130e+001  1.9679893e+003
  6.0306350e+000  9.5417722e+002
  2.4979920e+001  2.2511480e+003
  7.6654700e+000  1.5860132e+003
  2.2413260e+001  2.2489874e+003
  1.5890110e+001  2.9446854e+003
  3.5356460e+001  3.2168720e+003
  3.7204140e+001  3.1351207e+003
  6.2360910e+000  1.2358149e+003
  3.5670040e+001  2.6584629e+003
  8.2442960e+000  1.1773283e+003
  1.3844810e+001  9.4533993e+002
  9.5808260e+000  1.7023269e+003
  3.5881900e+001  4.8516385e+003
  7.1058490e+000  1.4555126e+003
  2.5293760e+001  2.8013243e+003
  1.0778950e+001  1.0995082e+003
  3.0410410e+001  2.4318976e+003
  1.4918120e+000  9.6902079e+002
  7.3773410e+000  1.1190329e+003
  6.8703720e+000  1.5913667e+003
  2.6724680e+001  1.3881568e+003
  2.8407940e+001  1.8317059e+003
  1.4966670e+001  2.7053607e+003
  2.2964720e+001  2.2543283e+003
  2.3863490e+001  2.0067255e+003
  1.3444600e+001  1.4315347e+003
  1.4548770e+001  1.6155161e+003
  9.4456090e+000  1.7550842e+003
  8.2650180e+000  1.1700241e+003
  8.2441170e+000  2.4131268e+003
  3.8833390e+001  3.6315690e+003
  2.1984390e+001  2.5249421e+003
  1.2505410e+001  1.1720279e+003
  5.9062030e+000  9.5426143e+002
  3.3165440e+001  3.9664845e+003
  2.0695990e+001  2.1841236e+003
  1.8488800e+001  3.0914678e+003
  3.6462180e+000  1.0559482e+003
  1.1728380e+001  9.9722470e+002
  2.6015100e+001  2.5252449e+003
  3.5621490e+001  4.1594517e+003
  1.4362680e+001  2.9263110e+003
  3.3368880e+001  3.6844242e+003
  1.5672390e+001  1.9934908e+003
  2.5188050e+001  3.3025967e+003
  1.2886400e+001  1.7661786e+003
  1.9962360e+001  2.4222774e+003
  3.2224580e+001  2.1637459e+003
  2.2890400e+001  1.4301296e+003
  2.3277130e+001  2.3837320e+003
  2.7661360e+001  2.3423378e+003
  2.0469360e+001  1.4715068e+003
  1.6096150e+001  2.2970424e+003
  2.3436930e+001  3.1334569e+003
  2.2557130e+001  2.6010628e+003
  8.1152840e+000  1.1885754e+003
  7.8655980e+000  2.3662016e+003
  7.4584210e+000  1.1489917e+003
  1.2254200e+001  1.1615501e+003
  2.6303560e+001  2.0467535e+003
  3.2588130e+001  2.4389980e+003
  2.8834710e+001  2.1840098e+003
  8.2373920e+000  1.6236474e+003
  2.7623520e+001  2.6050257e+003
  1.7759870e+001  2.3958950e+003
  3.5752120e+001  2.9143238e+003
  1.6084390e+001  1.9053536e+003
  3.4790160e+001  2.7296026e+003
  3.9258220e+001  3.3687253e+003
  3.5928820e+001  1.6253053e+003
  9.4746910e+000  2.0782704e+003
  8.6156660e+000  9.4568795e+002
  2.3120940e+001  4.7175497e+003
  2.3492240e+000  7.0423309e+002
  2.2588900e+000  1.2796143e+003
  7.1078500e+000  1.3158708e+003
  3.1689850e+000  1.4188327e+003
  3.8454040e+001  2.8694653e+003
  1.7844460e+000  3.2345913e+002
  3.6718340e+001  3.0652510e+003
  1.5302870e+001  1.3359152e+003
  1.5938820e+001  1.9867360e+003
  6.2111920e+000  7.7455088e+002
  1.1647570e+001  1.8482186e+003
  2.4014630e+001  2.0673590e+003
  3.6641680e+001  3.7515210e+003
  1.9297120e+001  2.6913272e+003
  8.8855870e+000  1.5653488e+003
  3.3347800e+001  5.5340896e+003
  4.9587330e+000  9.9491671e+002
  1.9928020e+001  2.8433816e+003
  1.0313640e+001  2.6718617e+003
  7.7603050e+000  1.2754540e+003
  3.9513720e+001  4.5519755e+003
  3.7962830e+001  3.1522930e+003
  6.6104860e+000  1.2731670e+003
  2.4618180e+001  2.3633549e+003
  2.7188630e+001  2.9071091e+003
  7.3460560e+000  1.1339274e+003
  3.1981930e+001  3.5015608e+003
  1.9111500e+001  1.3724508e+003
  1.7441810e+001  9.9784837e+002
  2.5452870e+001  1.6471751e+003
  3.2926800e+001  3.8757658e+003
  1.9648440e+001  3.5174269e+003
  1.1471130e+001  1.2642827e+003
  2.2731980e+001  4.3703505e+003
  1.8789480e+001  2.0642902e+003
  3.2639970e+001  3.7812357e+003
  1.8623630e+001  4.1985984e+003
  2.0428120e+001  2.8504498e+003
  3.0080570e+001  2.6774173e+003
  1.3694420e+001  1.9233736e+003
  9.4557760e+000  1.7159443e+003
  1.7807780e+001  1.7917721e+003
  1.5362790e+001  1.5820059e+003
  2.4192770e+001  2.6023434e+003
  7.1209200e+000  1.5038313e+003
  1.7989330e+001  2.5871940e+003
  2.2555050e+001  1.1605204e+003
  3.8952790e+001  1.0347003e+004
  1.5102140e+000  5.0020669e+002
  9.8325840e+000  1.7363116e+003
  5.0887200e+000  1.4007917e+003
  3.9124340e+001  4.5125915e+003
  1.2926880e+001  1.2936706e+003
  3.8050360e+001  2.7912759e+003
  6.3369140e+000  1.4255643e+003
  3.1768710e+001  2.7612427e+003
  2.6947610e+001  2.4179051e+003
  2.4238060e+001  2.3226718e+003
  1.4646920e+001  1.3672953e+003
  4.9708860e+000  9.1099880e+002
  3.9264710e+001  3.1262262e+003
  2.4573720e+001  2.0601503e+003
  1.9885030e+001  1.7325439e+003
  3.9421920e+001  2.7555784e+003
  1.8111910e+001  2.4960383e+003
  3.7810330e+001  2.4227548e+003
  2.6308930e+001  5.0106398e+003
  9.9845360e+000  1.2303478e+003
  8.1379880e+000  1.4327587e+003
  1.2691160e+001  1.3168955e+003
  1.4471610e+001  1.4904103e+003
  8.3344700e+000  2.1257050e+003
  3.3596670e+000  8.4078554e+002
  8.1224490e+000  1.1610128e+003
  8.9552040e+000  1.6225776e+003
  1.0149990e+001  1.0688127e+003
  9.5624420e+000  1.2882223e+003
  3.2593440e+001  3.9392559e+003
  2.6225210e+001  1.7110432e+003
  2.4947770e+001  2.4044388e+003
  2.8385550e+001  2.0113345e+003
  2.8447800e+000  1.9892102e+002
  3.4498630e+001  3.3373661e+003
  1.9805110e+001  1.6715842e+003
  3.1715150e+001  3.0125604e+003
  3.5671880e+000  1.1118572e+003
  2.7136000e+001  2.5852457e+003
  3.3447670e+001  2.6841505e+003
  3.9804550e+001  5.9693455e+003
  1.6832280e+000  3.6113863e+002
  3.7999300e+001  3.3048184e+003
  2.3478850e+001  2.2711866e+003
  1.0003790e+001  1.8929213e+003
  1.8400330e+001  3.6274682e+003
  3.8876710e+001  2.0485355e+003
  3.8635910e+000  1.9381311e+002
  9.6930890e+000  1.1421054e+003
  3.8148100e+001  2.8084579e+003
  3.0308410e+001  3.7714135e+003
  1.9525340e+001  1.9358184e+003
  2.2665550e+001  1.4734868e+003
  1.9913490e+001  1.4717240e+003
  1.5973710e+001  2.6895758e+003
  3.9150860e+001  3.4806737e+003
  3.9028680e+001  2.1708852e+003
  2.4207910e+001  2.7206977e+003
  3.4534240e+001  2.9645986e+003
  3.7031110e+001  4.0278819e+003
  2.7026780e+001  5.1611598e+003
  2.3481530e+001  3.1617344e+003
  1.6207600e+001  2.2868291e+003
  1.5802550e+001  2.1816605e+003
  9.8326190e+000  1.1906228e+003
  9.1858220e+000  8.1242078e+002
  1.8665010e+001  2.6710451e+003
  3.6824870e+001  2.6148466e+003
  2.3764680e+001  3.1575917e+003
  1.3781080e+001  1.2991229e+003
  3.4609210e+001  2.3615475e+003
  1.7790110e+000  1.7168313e+002
  1.1713540e+001  1.6418110e+003
  4.0701370e+000  9.9170620e+002
  3.5292330e+001  3.1404171e+003
  3.6258400e+001  1.2451642e+003
  1.2616850e+001  1.2323496e+003
  1.0942530e+001  1.2255689e+003
  1.3052300e+001  1.3517116e+003
  6.3552510e+000  1.6769175e+003
  1.6986680e+001  2.6570181e+003
  2.1437920e+001  3.9601683e+003
  2.1577390e+001  2.3157406e+003
  6.6536650e+000  1.6582077e+003
  1.7629090e+001  2.8431835e+003
  3.7139490e+001  3.2710632e+003
  2.0911650e+000  8.2343117e+002
  2.9424110e+001  2.2905371e+003
  7.3468780e+000  7.2060426e+002
  3.1029220e+001  4.7291039e+003
  3.6231070e+000  9.5783601e+002
  9.6492280e+000  1.9001224e+003
  2.5302260e+001  2.0379255e+003
  3.2087490e+001  5.0481906e+003
  3.1385890e+001  2.7012542e+003
  2.0065870e+000  1.0856929e+003
  3.6157020e+001  2.8135435e+003
  2.3537600e+001  2.5385351e+003
  3.6491370e+000  2.0146433e+002
  1.2089310e+001  1.2258646e+003
  8.1094420e+000  7.6681919e+002
  2.8434490e+001  3.8326084e+003
  2.5653020e+001  3.6838378e+003
  3.0354820e+001  3.0454092e+003
  7.5924390e+000  8.9932841e+002
  2.6710860e+001  4.2703736e+003
  1.8979260e+001  1.0041516e+003
  2.1879840e+000  7.1285655e+002
  1.5021930e+001  1.3692783e+003
  3.5082430e+001  3.9498961e+003
  3.3398220e+001  3.1044332e+003
  1.0930760e+001  1.2005614e+003
  3.8532880e+001  4.4960328e+003
  2.2114870e+001  2.7282389e+003
  3.3690220e+001  2.7327496e+003
  2.8672100e+000  3.3890385e+002
  1.0474280e+001  9.7400723e+002
  3.5220520e+001  3.0290871e+003
  5.6900720e+000  1.0250847e+003
  2.6808650e+001  1.8119990e+003
  3.8204090e+001  2.7945112e+003
  3.3150720e+001  2.5280576e+003
  2.6307030e+000  3.4498231e+002
  2.1782060e+001  1.9678679e+003
  3.0534900e+001  2.7068083e+003
  3.4378680e+001  2.8050215e+003
  2.3616330e+001  2.8075559e+003
  1.0955470e+001  1.5058129e+003
  1.3148530e+001  1.1829822e+003
  2.6326350e+001  1.4361429e+003
  3.3187330e+001  3.3235278e+003
  2.5790070e+001  2.2820782e+003
  3.6615480e+001  4.0365351e+003
  9.4220200e+000  1.5450446e+003
  3.0997470e+001  1.4602165e+003
  3.9661370e+001  2.2887729e+003
  1.9580870e+001  1.6477449e+003
  1.0695140e+001  1.6065582e+003
  2.6967330e+000  1.9614125e+003
  3.7486390e+001  5.3191914e+003
  1.2637750e+001  2.2801885e+003
  1.8121460e+001  3.4617539e+003
  3.9880470e+001  2.7140901e+003
  2.6864870e+001  3.9419104e+003
  3.9397170e+001  2.7636563e+003
  2.3837320e+001  3.3518489e+003
  1.3365470e+001  2.0184465e+003
  1.6458450e+000  5.5886889e+002
  2.3831590e+001  3.1205203e+003
  2.5764110e+001  1.4618208e+003
  8.4958270e+000  9.4245942e+002
  2.0155100e+001  2.9531259e+003
  2.0495240e+001  3.1175255e+003
  4.7367630e+000  8.6430028e+002
  2.9793370e+001  2.3321186e+003
  2.3500450e+001  2.5560843e+003
  2.2702550e+001  3.6926967e+003
  3.8941230e+001  3.8006569e+003
  3.4000060e+001  2.7094035e+003
  3.6344490e+001  2.7346489e+003
  3.6976320e+001  4.5431145e+003
  1.4584420e+001  1.4075738e+003
  5.2157960e+000  8.8294692e+002
  3.5057630e+001  3.5415351e+003
  3.3601560e+001  4.8883742e+003
  1.8757210e+001  1.3600261e+003
  2.7942530e+000  3.8785530e+002
  3.2346940e+001  2.2824444e+003
  2.9482440e+001  2.8515134e+003
  3.3608400e+001  4.0166393e+003
  3.5970640e+001  2.4014147e+003
  1.6206470e+001  2.1887866e+003
  2.7010580e+001  2.7508880e+003
  1.6973460e+001  2.4612877e+003
  8.1856140e+000  1.4198853e+003
  1.6957160e+000  4.9286062e+002
  7.4871040e+000  1.3475872e+003
  2.9376450e+001  1.5429587e+003
  3.8942620e+000  1.4722690e+003
  3.2946650e+001  2.5763524e+003
  1.7901020e+000  4.8099081e+002
  9.8001270e+000  1.6589477e+003
  2.9328670e+001  2.4102071e+003
  9.6063560e+000  1.8485648e+003
  3.9644230e+001  3.3292391e+003
  2.4705320e+001  3.9461854e+003
  1.0451150e+001  1.5861055e+003
  1.0228550e+001  2.4055649e+003
  3.9832820e+001  2.5816898e+003
  2.4787110e+001  2.1398873e+003
  3.0242320e+001  2.3802803e+003
  1.2412120e+001  1.2569557e+003
  1.8922210e+001  1.5620893e+003
  3.4275680e+001  4.0116874e+003
  2.1865500e+001  1.9389045e+003
  3.0853330e+001  2.2673368e+003
  1.7060300e+001  2.1750471e+003
  2.0284570e+001  4.8453907e+003
  1.8452570e+001  2.1051297e+003
  3.2838930e+001  2.8141938e+003
  7.9140100e+000  8.3016916e+002
  2.9405420e+001  4.0426988e+003
  1.9478830e+001  2.3839101e+003
  3.9890910e+001  2.6807662e+003
  1.5725250e+000  2.8481349e+002
  8.5870810e+000  1.2008550e+003
  1.7713420e+001  1.4644125e+003
  5.4011490e+000  9.0945907e+002
  1.5879940e+001  1.8299400e+003
  1.7944550e+001  2.8344289e+003
  2.2104520e+001  4.0668775e+003
  2.7209230e+001  3.5362198e+003
  9.7952240e+000  8.5163082e+002
  3.6589880e+000  8.4060890e+002
  3.7036080e+001  3.1343033e+003
  3.2547030e+001  3.5450990e+003
  2.5786330e+001  2.5357740e+003
  3.4231260e+001  2.8832472e+003
  2.2465620e+001  2.8825006e+003
  1.2722040e+001  1.9486451e+003
  3.5098720e+001  3.2627386e+003
  3.1769250e+001  3.7161733e+003
  3.5713140e+001  7.9817668e+003
  2.1471950e+001  9.8647137e+002
  3.0186630e+001  4.1271251e+003
  1.2763640e+001  2.1242692e+003
  1.4815540e+001  1.3548727e+003
  3.7296240e+001  2.7889328e+003
  3.0823990e+001  3.0699044e+003
  5.6974810e+000  1.5299452e+003
  1.8629170e+001  1.8023308e+003
  1.3480550e+001  2.3887055e+003
  1.3910960e+001  1.7536548e+003
  1.4953960e+001  2.0982354e+003
  2.2534600e+001  1.2680485e+003
  2.5102580e+001  3.8037359e+003
  1.2405000e+001  1.6996706e+003
  3.8059730e+001  3.4337581e+003
  1.6146130e+001  1.3993020e+003
  3.8686960e+001  2.4545597e+003
  3.7152330e+000  9.2203001e+002
  3.1524560e+001  2.4072269e+003
  3.0978370e+001  1.8687774e+003
  1.6668730e+001  1.5018187e+003
  3.0973990e+001  2.2564523e+003
  1.0917090e+001  1.8444075e+003
  3.3357300e+001  3.9630075e+003
  3.5560180e+001  2.8389710e+003
  3.7348870e+001  3.1159427e+003
  3.3185490e+001  4.4019108e+003
  3.4504290e+001  2.3818154e+003
  3.1378110e+001  3.6259080e+003
  1.8919200e+001  1.4768411e+003
  2.3385740e+001  2.6762465e+003
  4.3701310e+000  1.8692072e+003
  1.3801860e+001  1.3599740e+003
  3.8712780e+001  2.8858939e+003
  2.6742750e+001  3.0359042e+003
  1.8743410e+001  2.4022024e+003
  3.9800690e+001  3.3493428e+003
  3.1402640e+001  4.2115519e+003
  1.4382710e+001  1.0991595e+003
  2.9207210e+001  3.8244331e+003
  3.4408130e+001  3.5796789e+003
  3.0025500e+001  4.2446731e+003
  3.3161500e+001  3.7197193e+003
  7.0684210e+000  1.6213038e+003
  1.5313700e+001  1.2312043e+003
  3.6602940e+001  3.3747606e+003
  8.4087010e+000  1.5579873e+003
  3.4974260e+001  4.2968039e+003
  1.2615230e+001  1.2345400e+003
  2.3046460e+000  1.0197183e+003
  6.1027190e+000  1.3820711e+003
  2.3481220e+000  7.2879378e+002
  6.0833980e+000  7.8220976e+002
  1.7231520e+001  3.2897022e+003
  2.2110450e+001  2.2442156e+003
  2.7250000e+001  3.2599167e+003
  3.6175080e+001  3.6487113e+003
  2.4708600e+001  2.6884325e+003
  3.7495710e+001  4.1513809e+003
  2.7470300e+001  1.8962841e+003
  4.8249040e+000  8.0324065e+002
  2.2325540e+001  2.2934854e+003
  1.4239600e+001  1.3697326e+003
  4.7418230e+000  1.2593874e+003
  2.4254790e+001  1.9584817e+003
  2.9334170e+001  2.3870571e+003
  1.4963260e+001  1.4236106e+003
  3.3678200e+001  3.7142307e+003
  1.5881380e+001  2.0238170e+003
  1.5419820e+001  2.4045472e+003
  3.9091240e+001  3.9306145e+003
  5.0289280e+000  1.0627997e+003
  1.8088470e+001  1.3456429e+003
  3.0521600e+001  2.2449481e+003
  1.8071930e+001  3.3865503e+003
  5.2341070e+000  1.8418981e+003
  2.1198640e+001  1.2626646e+003
  2.9761340e+001  1.7349720e+003
  1.0908410e+001  2.0407671e+003
  2.2580450e+001  1.6590046e+003
  1.6118860e+001  1.9834046e+003
  1.6884980e+001  1.2046186e+003
  3.0024020e+001  3.3019755e+003
  3.1363370e+001  3.4239761e+003
  7.1083640e+000  9.1939610e+002
  2.9651240e+001  3.9314057e+003
  1.4291850e+001  1.0791019e+003
  3.3095130e+001  2.9242809e+003
  3.8977460e+000  1.2530850e+003
  2.7307940e+001  2.4449385e+003
  1.7509920e+001  1.7560107e+003
  5.2198410e+000  1.5320829e+003
  3.7537280e+001  3.1707996e+003
  9.3081530e+000  1.9888476e+003
  3.5074600e+001  2.6137842e+003
  8.6017390e+000  1.3013564e+003
  1.8637620e+001  1.5790884e+003
  3.4111890e+001  3.6695920e+003
  3.5395290e+001  3.7502522e+003
  6.5767210e+000  1.2452640e+003
  1.2116880e+001  1.6378790e+003
  3.3946760e+001  3.7185903e+003
  5.7841040e+000  1.3917111e+003
  2.8354410e+001  2.8138479e+003
  9.8392780e+000  8.2833923e+002
  3.5669590e+001  4.0785249e+003
  3.0337110e+001  3.9566097e+003
  3.8945190e+001  3.0926504e+003
  1.7218290e+001  1.8495668e+003
  3.9045720e+001  4.9188824e+003
  1.0640090e+001  8.7572612e+002
  3.0931060e+001  2.4161940e+003
  4.1860990e+000  8.2858772e+002
  9.6419820e+000  9.5995155e+002
  8.9901540e+000  1.1717316e+003
  3.6891970e+001  4.2767301e+003
  2.4449690e+001  3.6611317e+003
  9.2580420e+000  1.9265006e+003
  1.7542460e+001  3.2375650e+003
  3.1703080e+001  2.0041972e+003
  1.7328740e+000  2.7237484e+002
  3.7911460e+001  3.5764117e+003
  5.1477230e+000  1.1249887e+003
  2.5886030e+001  2.8208270e+003
  1.3992140e+001  1.4245580e+003
  2.2775310e+001  2.1140989e+003
  2.5702030e+001  2.1413883e+003
  1.4044430e+001  1.9385996e+003
  6.0675350e+000  1.5137574e+003
  1.6815970e+001  1.7851673e+003
  3.5977280e+001  3.3406296e+003
  3.0791630e+001  3.2379018e+003
  1.4196120e+000  4.4655984e+002
  2.0259620e+001  1.6980063e+003
  3.1663480e+001  3.8372284e+003
  2.1528580e+001  2.5514989e+003
  1.7993540e+001  3.8168897e+003
  2.4964480e+001  2.5092014e+003
  1.9641620e+001  2.1895472e+003
  3.8902610e+001  5.4563691e+003
  3.8403020e+001  5.7479288e+003
  9.4816510e+000  1.7250511e+003
  3.8916440e+000  5.6722727e+002
  3.1860240e+001  3.6385475e+003
  1.7925800e+001  2.2721005e+003
  1.8852810e+001  1.4172194e+003
  3.7666790e+001  2.7790836e+003
  1.3803240e+001  1.9298433e+003
  3.0360940e+001  4.3925551e+003
  2.1502330e+001  2.2899369e+003
  3.1950530e+001  4.3131153e+003
  2.4277170e+001  1.8132223e+003
  3.8487330e+000  7.9838025e+002
  1.1155900e+001  2.5143030e+003
  2.9546710e+001  2.5712312e+003
  2.8226020e+001  2.1292499e+003
  2.6089050e+001  1.9276015e+003
  2.8416590e+001  2.7222497e+003
  2.9855310e+001  3.2875668e+003
  1.1272400e+001  2.1499403e+003
  1.8031310e+001  3.2835700e+003
  2.5376670e+001  2.3981185e+003
  1.6118720e+001  1.5258947e+003
  6.0903500e+000  1.2453724e+003
  3.4378520e+001  3.0670028e+003
  3.2735260e+001  3.4251910e+003
  3.6192740e+001  3.0594719e+003
  3.3107740e+001  2.8695879e+003
  6.2405830e+000  8.6485274e+002
  1.9909580e+000  4.0381561e+002
  2.8699020e+001  4.3601865e+003
  3.2581410e+001  6.5724891e+003
  1.9428750e+001  2.9762394e+003
  2.8680430e+001  2.7289002e+003
  8.6261150e+000  2.0014431e+003
  2.8803530e+001  2.5916044e+003
  2.4680110e+000  1.2887126e+003
  3.0793470e+001  4.9938631e+003
  1.7833080e+001  1.5683405e+003
  3.0985280e+001  3.3605273e+003
  5.5742030e+000  8.6921814e+002
  1.4259790e+001  1.2784894e+003
  2.1352350e+001  2.4378371e+003
  2.7716820e+000  5.9209501e+002
  1.9991950e+001  1.5727698e+003
  3.6539520e+001  2.7110707e+003
  2.0146170e+000  9.3339075e+002
  3.0169060e+001  2.2825000e+003
  2.1153460e+001  2.9587850e+003
  2.4580420e+001  2.3569876e+003
  3.4860880e+001  2.2785016e+003
  2.5806820e+001  2.9649440e+003
  3.5995050e+001  5.0125969e+003
  3.9761720e+001  3.4052277e+003
  3.5336800e+001  3.1954367e+003
  1.4995680e+001  2.7224265e+003
  3.1372560e+001  1.5018203e+003
  4.6701690e+000  9.0582561e+002
  9.6356730e+000  1.1793998e+003
  1.7797070e+001  1.8991030e+003
  1.4663550e+001  2.3321642e+003
  2.0835470e+001  1.6849744e+003
  2.8491960e+001  5.2174263e+003
  2.6732500e+001  2.8981214e+003
  2.0673680e+001  2.0962872e+003
  3.7778530e+001  3.5916752e+003
  3.4814300e+001  3.1549296e+003
  3.9029470e+001  2.8249818e+003
  2.3170400e+001  3.2204720e+003
  2.0562190e+001  3.4547480e+003
  2.6498890e+001  3.7864714e+003
  3.2502770e+001  2.3753487e+003
  3.6160020e+001  5.2315534e+003
  2.0513600e+001  2.8549853e+003
  1.3688420e+000  2.4424761e+002
  3.4317080e+001  3.1583651e+003
  2.3182530e+001  2.8009660e+003
  1.2001810e+001  2.0749266e+003
  3.9226130e+000  9.1928350e+002
  4.0675720e+000  1.1888560e+003
  8.0424580e+000  9.9164860e+002
  3.0649510e+001  3.2428177e+003
  6.0826650e+000  8.4882253e+002
  2.1603000e+001  2.2039872e+003
  2.2600410e+001  1.7874846e+003
  1.0306840e+001  8.6429208e+002
  2.7799970e+001  2.6566193e+003
  1.9370430e+001  4.1119825e+003
  3.1456380e+001  2.4897901e+003
  1.7074160e+001  3.3021162e+003
  3.1208420e+001  3.2448437e+003
  1.7652810e+001  2.2415521e+003
  2.1133340e+001  1.2994158e+003
  1.8786000e+001  1.3469619e+003
  1.5039210e+001  1.5010011e+003
  8.1902510e+000  1.8047257e+003
  8.0406370e+000  1.3077582e+003
  2.4575360e+001  3.8715501e+003
  1.9331240e+001  2.4737893e+003
  2.2788960e+001  2.8694556e+003
  3.8533160e+001  2.5714118e+003
  2.0070610e+001  1.4088267e+003
  2.4736980e+001  3.2622833e+003
  1.7375540e+001  2.2899095e+003
  1.2500270e+001  2.0232493e+003
  2.5010260e+000  1.2724954e+003
  9.0926240e+000  1.7764346e+003
  3.1308030e+001  3.7260591e+003
  1.2640300e+001  1.7298179e+003
  1.5402040e+001  2.3764805e+003
  2.5680590e+001  2.5115568e+003
  2.3220780e+001  3.4386328e+003
  1.9597820e+001  2.1665353e+003
  1.1192150e+001  1.8292519e+003
  1.5468920e+001  2.4983771e+003
  1.2329430e+001  1.9072429e+003
  6.3934040e+000  4.4490281e+002
  1.9183150e+001  2.6467927e+003
  1.5006440e+001  2.5321806e+003
  2.9476850e+001  4.1370529e+003
  1.3935540e+001  1.2612170e+003
  1.4699750e+001  2.6929727e+003
  2.0043760e+001  1.5891401e+003
  1.1838410e+001  2.4562320e+003
  3.1035430e+001  5.4577516e+003
  1.1400850e+001  1.2861459e+003
  2.7329690e+001  3.0134341e+003
  3.3361750e+001  4.7073211e+003
  1.2405380e+001  1.0061323e+003
  9.6092640e+000  1.9854599e+003
  3.3069480e+001  4.8891163e+003
  9.6021390e+000  1.0930474e+003
  6.3400510e+000  2.4164775e+003
  2.0989730e+001  3.5608268e+003
  3.7255050e+001  3.0756375e+003
  1.3771030e+001  1.5585094e+003
  3.6095890e+001  2.8827750e+003
  1.3472890e+001  1.5583240e+003
  1.2497670e+001  1.5392000e+003
  5.3141570e+000  1.2000584e+003
  2.1364110e+001  2.6487429e+003
  2.7005830e+001  2.7564209e+003
  3.6690600e+001  3.0941461e+003
  2.3170620e+001  1.2636379e+003
  9.9730810e+000  8.5397144e+002
  1.3826390e+001  1.0396875e+003
  5.6802610e+000  1.5913265e+003
  1.4736820e+001  1.2964978e+003
  3.5153860e+001  1.4950579e+003
  1.4055000e+001  1.1468295e+003
  1.1142810e+001  1.6169989e+003
  1.6618000e+001  1.4414738e+003
  3.4181270e+001  2.4954691e+003
  2.8394670e+000  3.7857752e+002
  3.1345260e+001  1.9356948e+003
  1.1649440e+001  1.5681227e+003
  2.5427500e+001  4.4541072e+003
  3.7574200e+001  2.6000922e+003
  3.9570400e+001  4.0553603e+003
  1.4072690e+001  2.1773995e+003
  6.9075120e+000  1.3292163e+003
  2.2067140e+000  2.0539319e+002
  3.3560830e+001  2.5500265e+003
  3.1081910e+001  3.2687650e+003
  3.1780800e+001  4.0136900e+003
