   Xe129
 Spin_n=   0.3285    Spin_p=   0.0100
  
  Set         u          S_p          S_n
  
    1    delta_a1(0)= -0.3139
    1     0.000  0.68728E-02  0.14816E+00
    1     0.007  0.67622E-02  0.14429E+00  
    1     0.015  0.66258E-02  0.13959E+00  
    1     0.027  0.64384E-02  0.13326E+00  
    1     0.042  0.62034E-02  0.12553E+00  
    1     0.060  0.59250E-02  0.11669E+00
    1     0.083  0.56086E-02  0.10702E+00  
    1     0.108  0.52599E-02  0.96846E-01  
    1     0.136  0.48857E-02  0.86458E-01  
    1     0.168  0.44928E-02  0.76142E-01
    1     0.204  0.40901E-02  0.66158E-01  
    1     0.243  0.36843E-02  0.56703E-01  
    1     0.285  0.32834E-02  0.47944E-01  
    1     0.329  0.28937E-02  0.39984E-01
    1     0.379  0.25254E-02  0.32934E-01  
    1     0.431  0.21805E-02  0.26776E-01  
    1     0.487  0.18648E-02  0.21512E-01  
    1     0.543  0.15787E-02  0.17065E-01
    1     0.608  0.13312E-02  0.13467E-01  
    1     0.671  0.11115E-02  0.10490E-01
    1     0.743  0.93185E-03  0.82153E-02  
    1     0.811  0.77426E-03  0.63471E-02
    1     0.891  0.65535E-03  0.50341E-02  
    1     0.966  0.54863E-03  0.39191E-02
    1     1.133  0.40975E-03  0.25964E-02
    1     1.314  0.33394E-03  0.19437E-02
    1     1.509  0.30294E-03  0.16947E-02
    1     1.717  0.30420E-03  0.17037E-02
    1     1.938  0.32854E-03  0.18866E-02
    1     2.173  0.36733E-03  0.21753E-02
    1     2.421  0.41100E-03  0.24960E-02
    1     2.683  0.44924E-03  0.27709E-02
    1     2.958  0.47280E-03  0.29327E-02
    1     3.100  0.47698E-03  0.29574E-02

 
    2    delta_a1(0)= -0.2528
    2     0.000  0.48261E-02  0.15868E+00
    2     0.060  0.42336E-02  0.12498E+00
    2     0.168  0.33049E-02  0.81547E-01
    2     0.329  0.22103E-02  0.42811E-01
    2     0.543  0.12559E-02  0.18258E-01
    2     0.671  0.90223E-03  0.11215E-01
    2     0.811  0.64069E-03  0.67795E-02
    2     0.966  0.46206E-03  0.41809E-02
    2     1.133  0.35034E-03  0.27656E-02
    2     1.314  0.28888E-03  0.20674E-02
    2     1.509  0.26414E-03  0.18005E-02
    2     1.717  0.26640E-03  0.18090E-02
    2     1.938  0.28827E-03  0.20031E-02
    2     2.173  0.32258E-03  0.23101E-02
    2     2.421  0.36119E-03  0.26512E-02
    2     2.683  0.39529E-03  0.29436E-02
    2     2.957  0.41684E-03  0.31156E-02
    2     3.100  0.42106E-03  0.31416E-02
 
    3    delta_a1(0)= -0.2491
    3     0.000  0.47117E-02  0.15934E+00
    3     0.060  0.41487E-02  0.12545E+00
    3     0.168  0.32604E-02  0.81792E-01
    3     0.329  0.22013E-02  0.42886E-01
    3     0.543  0.12652E-02  0.18253E-01
    3     0.671  0.91463E-03  0.11196E-01
    3     0.811  0.65373E-03  0.67557E-02
    3     0.966  0.47454E-03  0.41570E-02
    3     1.133  0.36202E-03  0.27434E-02
    3     1.314  0.30008E-03  0.20466E-02
    3     1.509  0.27548E-03  0.17804E-02
    3     1.717  0.27862E-03  0.17885E-02
    3     1.938  0.30207E-03  0.19812E-02
    3     2.173  0.33855E-03  0.22861E-02
    3     2.421  0.37970E-03  0.26248E-02
    3     2.683  0.41634E-03  0.29146E-02
    3     2.957  0.44006E-03  0.30844E-02
    3     3.100  0.44512E-03  0.31095E-02
 
    4    delta_a1(0)= -0.2007
    4     0.000  0.33619E-02  0.16796E+00
    4     0.060  0.30204E-02  0.13225E+00
    4     0.168  0.24535E-02  0.86233E-01
    4     0.329  0.17262E-02  0.45213E-01
    4     0.543  0.10343E-02  0.19239E-01
    4     0.671  0.76236E-03  0.11797E-01
    4     0.811  0.55475E-03  0.71153E-02
    4     0.966  0.40913E-03  0.43755E-02
    4     1.133  0.31628E-03  0.28854E-02
    4     1.314  0.26486E-03  0.21508E-02
    4     1.509  0.24486E-03  0.18698E-02
    4     1.717  0.24869E-03  0.18776E-02
    4     1.938  0.27025E-03  0.20797E-02
    4     2.173  0.30331E-03  0.24000E-02
    4     2.421  0.34062E-03  0.27559E-02
    4     2.683  0.37410E-03  0.30606E-02
    4     2.957  0.39626E-03  0.32391E-02
    4     3.100  0.40133E-03  0.32656E-02
 
    5    delta_a1(0)= -0.2318
    5     0.000  0.42041E-02  0.16239E+00
    5     0.060  0.36961E-02  0.12801E+00
    5     0.168  0.28928E-02  0.83657E-01
    5     0.329  0.19370E-02  0.44028E-01
    5     0.543  0.10981E-02  0.18849E-01
    5     0.671  0.78665E-03  0.11610E-01
    5     0.811  0.55636E-03  0.70420E-02
    5     0.966  0.39920E-03  0.43603E-02
    5     1.133  0.30095E-03  0.28967E-02
    5     1.314  0.24676E-03  0.21730E-02
    5     1.509  0.22454E-03  0.18961E-02
    5     1.717  0.22560E-03  0.19054E-02
    5     1.938  0.24337E-03  0.21081E-02
    5     2.173  0.27157E-03  0.24288E-02
    5     2.421  0.30316E-03  0.27857E-02
    5     2.683  0.33063E-03  0.30925E-02
    5     2.957  0.34724E-03  0.32747E-02
    5     3.100  0.34995E-03  0.33034E-02
 
    6    delta_a1(0)= -0.1867
    6     0.000  0.30161E-02  0.17048E+00
    6     0.060  0.27080E-02  0.13437E+00
    6     0.168  0.21943E-02  0.87781E-01
    6     0.329  0.15344E-02  0.46165E-01
    6     0.543  0.90953E-03  0.19737E-01
    6     0.671  0.66553E-03  0.12143E-01
    6     0.811  0.48019E-03  0.73553E-02
    6     0.966  0.35085E-03  0.45462E-02
    6     1.133  0.26864E-03  0.30141E-02
    6     1.314  0.22297E-03  0.22569E-02
    6     1.509  0.20461E-03  0.19669E-02
    6     1.717  0.20663E-03  0.19756E-02
    6     1.938  0.22351E-03  0.21860E-02
    6     2.173  0.24981E-03  0.25192E-02
    6     2.421  0.27931E-03  0.28903E-02
    6     2.683  0.30524E-03  0.32090E-02
    6     2.957  0.32146E-03  0.33977E-02
    6     3.100  0.32452E-03  0.34271E-02
 
    7    delta_a1(0)= -0.1670
    7     0.000  0.25581E-02  0.17409E+00
    7     0.060  0.23275E-02  0.13718E+00
    7     0.168  0.19276E-02  0.89575E-01
    7     0.329  0.13847E-02  0.47069E-01
    7     0.543  0.84353E-03  0.20096E-01
    7     0.671  0.62527E-03  0.12352E-01
    7     0.811  0.45668E-03  0.74715E-02
    7     0.966  0.33741E-03  0.46105E-02
    7     1.133  0.26088E-03  0.30513E-02
    7     1.314  0.21823E-03  0.22812E-02
    7     1.509  0.20142E-03  0.19861E-02
    7     1.717  0.20418E-03  0.19944E-02
    7     1.938  0.22140E-03  0.22072E-02
    7     2.173  0.24792E-03  0.25447E-02
    7     2.421  0.27771E-03  0.29203E-02
    7     2.683  0.30416E-03  0.32426E-02
    7     2.957  0.32117E-03  0.34330E-02
    7     3.100  0.32472E-03  0.34622E-02
 
    8    delta_a1(0)= -0.1345
    8     0.000  0.18862E-02  0.18010E+00 
    8     0.007  0.18724E-02  0.17541E+00  
    8     0.015  0.18550E-02  0.16970E+00  
    8     0.027  0.18305E-02  0.16202E+00  
    8     0.042  0.17988E-02  0.15265E+00  
    8     0.060  0.17592E-02  0.14190E+00 
    8     0.083  0.17120E-02  0.13017E+00  
    8     0.108  0.16560E-02  0.11780E+00  
    8     0.136  0.15911E-02  0.10518E+00  
    8     0.168  0.15161E-02  0.92640E-01 
    8     0.204  0.14345E-02  0.80502E-01  
    8     0.243  0.13437E-02  0.69002E-01  
    8     0.285  0.12462E-02  0.58346E-01  
    8     0.329  0.11409E-02  0.48658E-01 
    8     0.379  0.10385E-02  0.40078E-01  
    8     0.431  0.93288E-03  0.32582E-01  
    8     0.487  0.82949E-03  0.26174E-01  
    8     0.543  0.72587E-03  0.20756E-01 
    8     0.608  0.63845E-03  0.16378E-01  
    8     0.671  0.54852E-03  0.12748E-01 
    8     0.743  0.47973E-03  0.99829E-02  
    8     0.811  0.40764E-03  0.77044E-02 
    8     0.891  0.35996E-03  0.61100E-02  
    8     0.966  0.30579E-03  0.47487E-02 
    8     1.133  0.23945E-03  0.31387E-02 
    8     1.314  0.20232E-03  0.23437E-02 
    8     1.509  0.18806E-03  0.20389E-02 
    8     1.717  0.19152E-03  0.20468E-02 
    8     1.938  0.20829E-03  0.22654E-02 
    8     2.173  0.23375E-03  0.26123E-02 
    8     2.421  0.26238E-03  0.29986E-02 
    8     2.683  0.28806E-03  0.33300E-02 
    8     2.958  0.30503E-03  0.35254E-02 
    8     3.100  0.30890E-03  0.35552E-02 


    9    delta_a1(0)= -0.2858
    9     0.000  0.58864E-02  0.15295E+00
    9     0.060  0.50648E-02  0.12068E+00
    9     0.168  0.38216E-02  0.78999E-01
    9     0.329  0.24365E-02  0.41699E-01
    9     0.543  0.13065E-02  0.17941E-01
    9     0.671  0.90902E-03  0.11091E-01
    9     0.811  0.62437E-03  0.67595E-02
    9     0.966  0.43548E-03  0.42095E-02
    9     1.133  0.31997E-03  0.28139E-02
    9     1.314  0.25689E-03  0.21226E-02
    9     1.509  0.23029E-03  0.18585E-02
    9     1.717  0.22934E-03  0.18696E-02
    9     1.938  0.24628E-03  0.20673E-02
    9     2.173  0.27407E-03  0.23792E-02
    9     2.421  0.30511E-03  0.27269E-02
    9     2.683  0.33147E-03  0.30269E-02
    9     2.957  0.34621E-03  0.32072E-02
    9     3.100  0.34773E-03  0.32372E-02
 
   10    delta_a1(0)= -0.2302
   10     0.000  0.41592E-02  0.16267E+00
   10     0.060  0.36457E-02  0.12830E+00
   10     0.168  0.28374E-02  0.83934E-01
   10     0.329  0.18835E-02  0.44247E-01
   10     0.543  0.10557E-02  0.18993E-01
   10     0.671  0.75116E-03  0.11721E-01
   10     0.811  0.52738E-03  0.71264E-02
   10     0.966  0.37551E-03  0.44252E-02
   10     1.133  0.28097E-03  0.29487E-02
   10     1.314  0.22885E-03  0.22178E-02
   10     1.509  0.20715E-03  0.19381E-02
   10     1.717  0.20738E-03  0.19481E-02
   10     1.938  0.22315E-03  0.21544E-02
   10     2.173  0.24849E-03  0.24805E-02
   10     2.421  0.27678E-03  0.28439E-02
   10     2.683  0.30107E-03  0.31570E-02
   10     2.957  0.31517E-03  0.33440E-02
   10     3.100  0.31704E-03  0.33743E-02
 
   11    delta_a1(0)= -0.2210
   11     0.000  0.39015E-02  0.16431E+00
   11     0.060  0.34343E-02  0.12958E+00
   11     0.168  0.26918E-02  0.84752E-01
   11     0.329  0.18035E-02  0.44660E-01
   11     0.543  0.10211E-02  0.19157E-01
   11     0.671  0.73024E-03  0.11816E-01
   11     0.811  0.51527E-03  0.71795E-02
   11     0.966  0.36863E-03  0.44546E-02
   11     1.133  0.27699E-03  0.29657E-02
   11     1.314  0.22638E-03  0.22288E-02
   11     1.509  0.20542E-03  0.19468E-02
   11     1.717  0.20595E-03  0.19566E-02
   11     1.938  0.22178E-03  0.21638E-02
   11     2.173  0.24708E-03  0.24918E-02
   11     2.421  0.27535E-03  0.28571E-02
   11     2.683  0.29971E-03  0.31718E-02
   11     2.957  0.31404E-03  0.33594E-02
   11     3.100  0.31607E-03  0.33896E-02
 
   12    delta_a1(0)= -0.1780
   12     0.000  0.28094E-02  0.17207E+00
   12     0.060  0.25272E-02  0.13567E+00
   12     0.168  0.20527E-02  0.88686E-01
   12     0.329  0.14379E-02  0.46688E-01
   12     0.543  0.85226E-03  0.19992E-01
   12     0.671  0.62303E-03  0.12315E-01
   12     0.811  0.44882E-03  0.74695E-02
   12     0.966  0.32723E-03  0.46246E-02
   12     1.133  0.24994E-03  0.30715E-02
   12     1.314  0.20693E-03  0.23033E-02
   12     1.509  0.18947E-03  0.20089E-02
   12     1.717  0.19099E-03  0.20180E-02
   12     1.938  0.20627E-03  0.22321E-02
   12     2.173  0.23021E-03  0.25714E-02
   12     2.421  0.25698E-03  0.29493E-02
   12     2.683  0.28035E-03  0.32744E-02
   12     2.957  0.29464E-03  0.34676E-02
   12     3.100  0.29709E-03  0.34981E-02
 
