   Xe131
 Spin_n=  -0.2721    Spin_p=  -0.0086
  
  Set         u          S_p          S_n
  
    1    delta_a1(0)= -0.3139
    1     0.000  0.52930E-02  0.11295E+00
    1     0.007  0.52083E-02  0.11000E+00 
    1     0.015  0.51060E-02  0.10642E+00 
    1     0.027  0.49692E-02  0.10161E+00 
    1     0.042  0.48040E-02  0.95762E-01 
    1     0.061  0.46170E-02  0.89083E-01
    1     0.083  0.44159E-02  0.81814E-01 
    1     0.108  0.42079E-02  0.74210E-01 
    1     0.136  0.40001E-02  0.66506E-01 
    1     0.168  0.37989E-02  0.58931E-01
    1     0.204  0.36093E-02  0.51682E-01 
    1     0.243  0.34353E-02  0.44923E-01 
    1     0.285  0.32795E-02  0.38779E-01 
    1     0.330  0.31433E-02  0.33328E-01
    1     0.379  0.30268E-02  0.28615E-01 
    1     0.431  0.29292E-02  0.24637E-01 
    1     0.487  0.28490E-02  0.21371E-01 
    1     0.546  0.27841E-02  0.18759E-01
    1     0.608  0.27326E-02  0.16726E-01 
    1     0.674  0.26917E-02  0.15188E-01
    1     0.743  0.26600E-02  0.14055E-01 
    1     0.815  0.26345E-02  0.13241E-01
    1     0.891  0.26148E-02  0.12664E-01 
    1     0.970  0.25978E-02  0.12255E-01
    1     1.139  0.25701E-02  0.11715E-01
    1     1.320  0.25409E-02  0.11299E-01
    1     1.516  0.24989E-02  0.10846E-01
    1     1.725  0.24313E-02  0.10297E-01
    1     1.947  0.23255E-02  0.96368E-02
    1     2.183  0.21723E-02  0.88519E-02
    1     2.432  0.19693E-02  0.79294E-02
    1     2.695  0.17231E-02  0.68689E-02
    1     2.971  0.14489E-02  0.57005E-02
    1     3.114  0.13077E-02  0.50954E-02
 
    2    delta_a1(0)= -0.2529
    2     0.000  0.37260E-02  0.12096E+00
    2     0.061  0.33125E-02  0.95403E-01
    2     0.168  0.28339E-02  0.63109E-01
    2     0.330  0.24827E-02  0.35674E-01
    2     0.546  0.23198E-02  0.20045E-01
    2     0.674  0.22867E-02  0.16206E-01
    2     0.815  0.22707E-02  0.14108E-01
    2     0.970  0.22636E-02  0.13038E-01
    2     1.139  0.22595E-02  0.12447E-01
    2     1.320  0.22519E-02  0.11988E-01
    2     1.516  0.22321E-02  0.11491E-01
    2     1.725  0.21882E-02  0.10894E-01
    2     1.947  0.21079E-02  0.10180E-01
    2     2.183  0.19820E-02  0.93370E-02
    2     2.432  0.18074E-02  0.83519E-02
    2     2.695  0.15900E-02  0.72245E-02
    2     2.971  0.13440E-02  0.59858E-02
    2     3.114  0.12164E-02  0.53454E-02
 
    3    delta_a1(0)= -0.2491
    3     0.000  0.36383E-02  0.12146E+00
    3     0.061  0.32482E-02  0.95754E-01
    3     0.168  0.28053E-02  0.63260E-01
    3     0.330  0.24954E-02  0.35645E-01
    3     0.546  0.23695E-02  0.19904E-01
    3     0.674  0.23515E-02  0.16036E-01
    3     0.815  0.23483E-02  0.13920E-01
    3     0.970  0.23522E-02  0.12840E-01
    3     1.139  0.23579E-02  0.12243E-01
    3     1.320  0.23596E-02  0.11779E-01
    3     1.516  0.23483E-02  0.11278E-01
    3     1.725  0.23115E-02  0.10678E-01
    3     1.947  0.22359E-02  0.99646E-02
    3     2.183  0.21107E-02  0.91274E-02
    3     2.432  0.19322E-02  0.81544E-02
    3     2.695  0.17061E-02  0.70451E-02
    3     2.971  0.14473E-02  0.58292E-02
    3     3.114  0.13122E-02  0.52012E-02
 
    4    delta_a1(0)= -0.2007
    4     0.000  0.26035E-02  0.12803E+00
    4     0.061  0.23755E-02  0.10094E+00
    4     0.168  0.21424E-02  0.66697E-01
    4     0.330  0.20211E-02  0.37586E-01
    4     0.546  0.20184E-02  0.20981E-01
    4     0.674  0.20385E-02  0.16895E-01
    4     0.815  0.20622E-02  0.14654E-01
    4     0.970  0.20860E-02  0.13507E-01
    4     1.139  0.21080E-02  0.12868E-01
    4     1.320  0.21248E-02  0.12370E-01
    4     1.516  0.21291E-02  0.11833E-01
    4     1.725  0.21094E-02  0.11194E-01
    4     1.947  0.20527E-02  0.10436E-01
    4     2.183  0.19484E-02  0.95506E-02
    4     2.432  0.17923E-02  0.85250E-02
    4     2.695  0.15896E-02  0.73588E-02
    4     2.971  0.13541E-02  0.60827E-02
    4     3.114  0.12303E-02  0.54242E-02
 
    5    delta_a1(0)= -0.2318
    5     0.000  0.32493E-02  0.12379E+00
    5     0.061  0.28950E-02  0.97730E-01
    5     0.168  0.24820E-02  0.64820E-01
    5     0.330  0.21718E-02  0.36879E-01
    5     0.546  0.20156E-02  0.20975E-01
    5     0.674  0.19774E-02  0.17071E-01
    5     0.815  0.19536E-02  0.14937E-01
    5     0.970  0.19378E-02  0.13849E-01
    5     1.139  0.19249E-02  0.13247E-01
    5     1.320  0.19090E-02  0.12780E-01
    5     1.516  0.18825E-02  0.12272E-01
    5     1.725  0.18355E-02  0.11658E-01
    5     1.947  0.17582E-02  0.10918E-01
    5     2.183  0.16435E-02  0.10035E-01
    5     2.432  0.14899E-02  0.89938E-02
    5     2.695  0.13032E-02  0.77947E-02
    5     2.971  0.10955E-02  0.64723E-02
    5     3.114  0.98873E-03  0.57875E-02
 
    6    delta_a1(0)= -0.1867
    6     0.000  0.23380E-02  0.12995E+00
    6     0.061  0.21311E-02  0.10258E+00
    6     0.168  0.19123E-02  0.67994E-01
    6     0.330  0.17819E-02  0.38619E-01
    6     0.546  0.17486E-02  0.21881E-01
    6     0.674  0.17503E-02  0.17766E-01
    6     0.815  0.17557E-02  0.15511E-01
    6     0.970  0.17621E-02  0.14357E-01
    6     1.139  0.17674E-02  0.13713E-01
    6     1.320  0.17685E-02  0.13212E-01
    6     1.516  0.17589E-02  0.12669E-01
    6     1.725  0.17292E-02  0.12016E-01
    6     1.947  0.16695E-02  0.11235E-01
    6     2.183  0.15720E-02  0.10311E-01
    6     2.432  0.14347E-02  0.92274E-02
    6     2.695  0.12626E-02  0.79852E-02
    6     2.971  0.10675E-02  0.66195E-02
    6     3.114  0.96639E-03  0.59132E-02
 
    7    delta_a1(0)= -0.1670
    7     0.000  0.19864E-02  0.13269E+00
    7     0.061  0.18367E-02  0.10471E+00
    7     0.168  0.16957E-02  0.69357E-01
    7     0.330  0.16417E-02  0.39314E-01
    7     0.546  0.16656E-02  0.22185E-01
    7     0.674  0.16875E-02  0.17969E-01
    7     0.815  0.17089E-02  0.15657E-01
    7     0.970  0.17281E-02  0.14470E-01
    7     1.139  0.17446E-02  0.13807E-01
    7     1.320  0.17561E-02  0.13289E-01
    7     1.516  0.17566E-02  0.12729E-01
    7     1.725  0.17367E-02  0.12060E-01
    7     1.947  0.16857E-02  0.11263E-01
    7     2.183  0.15954E-02  0.10324E-01
    7     2.432  0.14630E-02  0.92289E-02
    7     2.695  0.12932E-02  0.79779E-02
    7     2.971  0.10981E-02  0.66053E-02
    7     3.114  0.99615E-03  0.58962E-02
 
    8    delta_a1(0)= -0.1346
    8     0.000  0.14697E-02  0.13727E+00
    8     0.007  0.14589E-02  0.13369E+00 
    8     0.015  0.14464E-02  0.12935E+00 
    8     0.027  0.14307E-02  0.12352E+00 
    8     0.042  0.14131E-02  0.11642E+00 
    8     0.061  0.13955E-02  0.10831E+00
    8     0.083  0.13795E-02  0.99495E-01 
    8     0.108  0.13666E-02  0.90263E-01 
    8     0.136  0.13581E-02  0.80914E-01 
    8     0.168  0.13549E-02  0.71716E-01
    8     0.204  0.13574E-02  0.62913E-01 
    8     0.243  0.13655E-02  0.54702E-01 
    8     0.285  0.13787E-02  0.47235E-01 
    8     0.330  0.13963E-02  0.40607E-01
    8     0.379  0.14173E-02  0.34872E-01 
    8     0.431  0.14404E-02  0.30029E-01 
    8     0.487  0.14645E-02  0.26048E-01 
    8     0.546  0.14886E-02  0.22859E-01
    8     0.608  0.15121E-02  0.20372E-01 
    8     0.674  0.15340E-02  0.18487E-01
    8     0.743  0.15549E-02  0.17092E-01 
    8     0.815  0.15735E-02  0.16084E-01
    8     0.891  0.15914E-02  0.15365E-01 
    8     0.970  0.16071E-02  0.14848E-01
    8     1.139  0.16359E-02  0.14154E-01
    8     1.320  0.16589E-02  0.13611E-01
    8     1.516  0.16710E-02  0.13026E-01
    8     1.725  0.16631E-02  0.12329E-01
    8     1.947  0.16245E-02  0.11502E-01
    8     2.183  0.15463E-02  0.10532E-01
    8     2.432  0.14253E-02  0.94061E-02
    8     2.695  0.12659E-02  0.81232E-02
    8     2.971  0.10796E-02  0.67184E-02
    8     3.114  0.98155E-03  0.59933E-02

    9    delta_a1(0)= -0.2858
    9     0.000  0.45380E-02  0.11660E+00
    9     0.061  0.39485E-02  0.92153E-01
    9     0.168  0.32199E-02  0.61294E-01
    9     0.330  0.26078E-02  0.35130E-01
    9     0.546  0.22374E-02  0.20273E-01
    9     0.674  0.21278E-02  0.16639E-01
    9     0.815  0.20510E-02  0.14661E-01
    9     0.970  0.19946E-02  0.13661E-01
    9     1.139  0.19479E-02  0.13116E-01
    9     1.320  0.19014E-02  0.12696E-01
    9     1.516  0.18457E-02  0.12235E-01
    9     1.725  0.17713E-02  0.11670E-01
    9     1.947  0.16703E-02  0.10974E-01
    9     2.183  0.15379E-02  0.10127E-01
    9     2.432  0.13745E-02  0.91117E-02
    9     2.695  0.11862E-02  0.79272E-02
    9     2.971  0.98425E-03  0.66105E-02
    9     3.114  0.88249E-03  0.59258E-02
 
   10    delta_a1(0)= -0.2302
   10     0.000  0.32149E-02  0.12400E+00
   10     0.061  0.28546E-02  0.97962E-01
   10     0.168  0.24270E-02  0.65086E-01
   10     0.330  0.20923E-02  0.37189E-01
   10     0.546  0.19080E-02  0.21323E-01
   10     0.674  0.18569E-02  0.17432E-01
   10     0.815  0.18218E-02  0.15307E-01
   10     0.970  0.17959E-02  0.14225E-01
   10     1.139  0.17738E-02  0.13628E-01
   10     1.320  0.17496E-02  0.13165E-01
   10     1.516  0.17157E-02  0.12660E-01
   10     1.725  0.16634E-02  0.12046E-01
   10     1.947  0.15840E-02  0.11300E-01
   10     2.183  0.14720E-02  0.10404E-01
   10     2.432  0.13269E-02  0.93392E-02
   10     2.695  0.11542E-02  0.81066E-02
   10     2.971  0.96502E-03  0.67429E-02
   10     3.114  0.86869E-03  0.60356E-02
 
   11    delta_a1(0)= -0.2210
   11     0.000  0.30174E-02  0.12525E+00
   11     0.061  0.26915E-02  0.98936E-01
   11     0.168  0.23103E-02  0.65708E-01
   11     0.330  0.20199E-02  0.37507E-01
   11     0.546  0.18671E-02  0.21462E-01
   11     0.674  0.18267E-02  0.17526E-01
   11     0.815  0.17995E-02  0.15374E-01
   11     0.970  0.17797E-02  0.14277E-01
   11     1.139  0.17627E-02  0.13671E-01
   11     1.320  0.17431E-02  0.13199E-01
   11     1.516  0.17137E-02  0.12686E-01
   11     1.725  0.16657E-02  0.12065E-01
   11     1.947  0.15901E-02  0.11311E-01
   11     2.183  0.14812E-02  0.10407E-01
   11     2.432  0.13381E-02  0.93373E-02
   11     2.695  0.11664E-02  0.81005E-02
   11     2.971  0.97722E-03  0.67337E-02
   11     3.114  0.88057E-03  0.60252E-02
 
   12    delta_a1(0)= -0.1781
   12     0.000  0.21794E-02  0.13115E+00
   12     0.061  0.19902E-02  0.10357E+00
   12     0.168  0.17901E-02  0.68729E-01
   12     0.330  0.16697E-02  0.39140E-01
   12     0.546  0.16354E-02  0.22288E-01
   12     0.674  0.16339E-02  0.18145E-01
   12     0.815  0.16356E-02  0.15876E-01
   12     0.970  0.16380E-02  0.14714E-01
   12     1.139  0.16394E-02  0.14066E-01
   12     1.320  0.16367E-02  0.13561E-01
   12     1.516  0.16241E-02  0.13013E-01
   12     1.725  0.15928E-02  0.12354E-01
   12     1.947  0.15338E-02  0.11561E-01
   12     2.183  0.14403E-02  0.10619E-01
   12     2.432  0.13109E-02  0.95114E-02
   12     2.695  0.11505E-02  0.82376E-02
   12     2.971  0.97027E-03  0.68349E-02
   12     3.114  0.87722E-03  0.61091E-02
 
